8.546
-1.662
106.194
100.547
233.262
112.991
192.786
279.735
144.767
42.025
284.903
32.607
281.198
234.045
206.594
162.926
141.035
187.763
168.458
219.772
-5.482
114.469
84.535
118.392
198.158
173.093
161.874
42.413
131.962
113.756
72.824
202.121
205.27
227.362
-9.059
134.26
150.824
134.281
226.229
220.686
129.07
166.848
80.067
40.434
65.101
183.614
77.82
142.199
258.568
251.656
9.438
231.107
216.713
55.811
176.694
232.095
181.153
67.451
155.463
135.891
52.716
192.863
52.752
253.588
40.883
231.343
30.49
93.637
148.548
269.209
111.778
185.227
179.609
9.144
223.226
72.91
121.572
92.864
59.165
98.232
33.798
191.193
213.232
85.338
77.475
163.449
267.056
275.829
276.895
278.433
146.507
265.982
180.537
167.5
-8.222
258.864
89.904
209.003
171.551
98.294
215.403
18.679
154.055
71.573
97.2
86.852
241.39
154.034
14.22
255.082
165.528
101.421
284.293
21.301
164.753
289.637
207.768
170.204
277.063
265.407
281.378
143.62
67.495
230.918
131.548
3.542
43.974
196.737
19.283
87.77
256.529
256.223
171.172
198.598
228.05
138.809
96.94
109.891
73.357
12.119
208.133
208.606
103.081
135.294
57.71
233.315
265.786
57.198
50.345
103.582
257.915
260.174
0.431
1.346
282.093
259.347
166.291
108.059
125.63
178.624
166.405
286.173
229.35
236.784
190.126
116.554
9.143
134.251
163.032
31.627
181.827
176.114
3.505
273.361
60.55
234.746
142.186
-1.791
223.382
56.56
121.953
98.12
52.038
242.338
101.481
226.875
125.42
132.204
240.838
244.494
30.124
82.822
173.572
123.273
-7.707
-8.672
78.049
256.838
152.02
199.954
125.36
57.454
163.116
64.081
89.431
96.794
237.676
199.361
77.347
80.066
117.247
39.842
279.251
140.745
212.934
278.312
180.394
162.62
147.394
202.9
34.445
168.636
19.281
224.477
134.097
46.884
86.158
250.526
49.182
289.606
108.854
24.125
44.804
74.825
159.2
192.26
271.79
25.76
99.271
81.69
67.596
87.886
137.954
212.142
160.558
162.362
217.502
218.866
51.743
87.089
59.047
245.983
110.863
209.386
238.778
93.571
123.006
50.946
145.836
114.476
89.237
274.908
133.607
110.016
136.946
275.436
199.749
181.306
29.203
-7.3
-6.486
50.809
75.456
8.886
263.912
111.993
7.554
166.02
120.784
289.689
67.195
5.859
-2.368
129.564
6.742
164.529
122.875
88.365
201.73
189.583
156.395
220.082
110.352
113.37
120.193
10.177
181.671
-5.71
74.935
241.631
157.689
154.542
51.255
106.589
216.27
216.636
92.504
63.376
84.263
160.052
112.721
11.482
141.794
256.181
67.217
114.125
55.529
252.739
30.67
156.554
170.643
133.017
243.562
236.07
222.446
168.337
189.577
235.219
3.57
202.983
196.864
239.72
145.152
159.813
247.753
214.333
283.121
195.043
171.232
97.684
197.457
65.931
118.146
167.119
169.093
240.442
216.744
15.487
153.776
92.043
215.865
9.65
10.592
97.892
250.783
226.835
120.444
274.03
118.957
44.539
166.559
210.946
281.529
60.419
5.304
58.742
31.536
283.598
281.866
266.099
208.473
151.198
162.281
117.422
21.176
228.634
-4.494
-9.402
171.284
146.003
65.522
197.674
179.126
121.872
274.402
-3.103
19.12
262.446
-0.268
15.483
70.224
278.151
211.261
174.147
156.811
129.127
276.522
260.626
179.732
159.285
